States: 721 720 687 685 683 682 709 707 705 703 702 727 726 701 699 698 681 679 677 675 673 671 669 668 663 662 667 665 664 666 455 454 459 457 456 458 463 461 460 462 467 465 464 466 471 469 468 470 475 473 472 474 479 477 476 478 483 481 480 482 487 485 484 486 493 491 489 488 490 495 494 499 497 496 498 503 501 500 502 507 505 504 506 511 509 508 510 515 513 512 514 519 517 516 518 523 521 520 522 527 525 524 526 577 576 623 621 619 581 580 585 583 582 584 589 587 586 588 593 591 590 592 597 595 594 596 601 599 598 600 605 603 602 604 609 607 606 608 613 611 610 612 616 617 615 614 579 578 575 537 536 541 539 538 540 545 543 542 544 549 213 212 219 218 223 221 220 222 227 225 224 226 231 229 228 230 235 233 232 234 239 237 236 238 243 241 240 242 247 245 244 246 251 249 248 250 255 253 252 254 259 257 256 258 263 261 260 262 267 265 264 266 271 269 268 270 275 273 272 274 279 277 276 278 283 281 280 282 287 285 284 286 291 289 288 290 295 293 292 294 299 297 296 298 303 301 300 302 307 305 304 306 309 308 313 311 310 312 317 315 314 316 321 319 318 320 325 323 322 324 329 327 326 328 333 331 330 332 337 335 334 336 341 339 407 406 408 410 413 412 417 415 414 416 421 419 418 420 425 423 422 424 426 431 432 437 201 428 723 182 342 427 208 722 181 430 725 184 344 429 210 724 183 343 434 215 729 188 348 203 439 433 214 728 187 347 202 438 436 200 217 731 190 350 435 216 730 189 349 204 440 441 205 450 448 446 447 449 451 453 444 442 443 445 409 411 404 402 403 405 400 398 399 401 396 394 395 397 392 390 391 393 388 386 387 389 384 382 383 385 380 378 379 381 376 374 375 377 372 370 371 373 368 366 367 369 364 362 363 365 360 358 359 361 356 354 355 357 352 351 353 346 345 340 338 209 211 206 207 198 196 197 199 194 192 193 195 191 186 185 180 178 719 176 717 177 179 174 715 172 713 173 175 170 711 168 169 710 171 166 164 165 167 162 160 161 163 158 156 697 157 159 154 695 152 693 153 155 150 691 148 689 149 151 146 144 145 147 688 142 140 141 143 138 136 137 139 134 132 133 135 130 128 129 131 126 124 125 127 122 120 661 121 123 118 659 116 657 117 658 119 660 114 655 112 653 113 654 115 656 110 651 108 649 109 111 652 106 647 104 645 105 646 107 648 102 643 103 644 100 641 98 639 99 101 642 96 637 94 635 95 636 97 638 92 633 90 631 91 632 93 634 88 629 86 627 87 628 89 84 625 82 83 624 85 80 78 79 81 622 76 74 75 77 72 70 71 73 68 66 67 69 64 62 63 65 60 58 59 61 56 54 55 57 52 50 51 53 48 46 47 49 44 42 43 45 40 38 39 41 36 34 35 37 32 573 30 571 31 572 33 28 569 26 567 27 568 29 570 24 565 22 563 23 564 25 566 20 561 18 559 19 560 21 562 16 557 14 555 15 556 17 558 12 553 10 551 11 552 13 554 8 6 547 7 548 9 550 4 2 3 5 546 0 1 530 528 529 531 533 535 
Accepting States: 721 687 709 727 701 731 653 729 723 697 453 661 719 725 667 655 681 623 
730,731,}
728,729,{
724,725,(
722,723,,
204,202,EPSILON
204,100,EPSILON
202,200,EPSILON
202,198,EPSILON
200,201,Z
201,203,EPSILON
203,205,EPSILON
205,450,EPSILON
205,453,EPSILON
450,448,EPSILON
450,410,EPSILON
448,446,EPSILON
448,444,EPSILON
446,447,9
447,449,EPSILON
449,451,EPSILON
451,450,EPSILON
451,453,EPSILON
444,442,EPSILON
444,440,EPSILON
442,443,8
443,445,EPSILON
445,449,EPSILON
440,438,EPSILON
440,436,EPSILON
438,439,7
439,441,EPSILON
441,445,EPSILON
436,434,EPSILON
436,432,EPSILON
434,435,6
435,437,EPSILON
437,441,EPSILON
432,430,EPSILON
432,428,EPSILON
430,431,5
431,433,EPSILON
433,437,EPSILON
428,426,EPSILON
428,424,EPSILON
426,427,4
427,429,EPSILON
429,433,EPSILON
424,422,EPSILON
424,420,EPSILON
422,423,3
423,425,EPSILON
425,429,EPSILON
420,418,EPSILON
420,416,EPSILON
418,419,2
419,421,EPSILON
421,425,EPSILON
416,414,EPSILON
416,412,EPSILON
414,415,1
415,417,EPSILON
417,421,EPSILON
412,413,0
413,417,EPSILON
410,408,EPSILON
410,306,EPSILON
408,406,EPSILON
408,404,EPSILON
406,407,Z
407,409,EPSILON
409,411,EPSILON
411,451,EPSILON
404,402,EPSILON
404,400,EPSILON
402,403,Y
403,405,EPSILON
405,409,EPSILON
400,398,EPSILON
400,396,EPSILON
398,399,X
399,401,EPSILON
401,405,EPSILON
396,394,EPSILON
396,392,EPSILON
394,395,W
395,397,EPSILON
397,401,EPSILON
392,390,EPSILON
392,388,EPSILON
390,391,V
391,393,EPSILON
393,397,EPSILON
388,386,EPSILON
388,384,EPSILON
386,387,U
387,389,EPSILON
389,393,EPSILON
384,382,EPSILON
384,380,EPSILON
382,383,T
383,385,EPSILON
385,389,EPSILON
380,378,EPSILON
380,376,EPSILON
378,379,S
379,381,EPSILON
381,385,EPSILON
376,374,EPSILON
376,372,EPSILON
374,375,R
375,377,EPSILON
377,381,EPSILON
372,370,EPSILON
372,368,EPSILON
370,371,Q
371,373,EPSILON
373,377,EPSILON
368,366,EPSILON
368,364,EPSILON
366,367,P
367,369,EPSILON
369,373,EPSILON
364,362,EPSILON
364,360,EPSILON
362,363,O
363,365,EPSILON
365,369,EPSILON
360,358,EPSILON
360,356,EPSILON
358,359,N
359,361,EPSILON
361,365,EPSILON
356,354,EPSILON
356,352,EPSILON
354,355,M
355,357,EPSILON
357,361,EPSILON
352,350,EPSILON
352,348,EPSILON
350,351,L
351,353,EPSILON
353,357,EPSILON
348,346,EPSILON
348,344,EPSILON
346,347,K
347,349,EPSILON
349,353,EPSILON
344,342,EPSILON
344,340,EPSILON
342,343,J
343,345,EPSILON
345,349,EPSILON
340,338,EPSILON
340,336,EPSILON
338,339,I
339,341,EPSILON
341,345,EPSILON
336,334,EPSILON
336,332,EPSILON
334,335,H
335,337,EPSILON
337,341,EPSILON
332,330,EPSILON
332,328,EPSILON
330,331,G
331,333,EPSILON
333,337,EPSILON
328,326,EPSILON
328,324,EPSILON
326,327,F
327,329,EPSILON
329,333,EPSILON
324,322,EPSILON
324,320,EPSILON
322,323,E
323,325,EPSILON
325,329,EPSILON
320,318,EPSILON
320,316,EPSILON
318,319,D
319,321,EPSILON
321,325,EPSILON
316,314,EPSILON
316,312,EPSILON
314,315,C
315,317,EPSILON
317,321,EPSILON
312,310,EPSILON
312,308,EPSILON
310,311,B
311,313,EPSILON
313,317,EPSILON
308,309,A
309,313,EPSILON
306,304,EPSILON
306,302,EPSILON
304,305,z
305,307,EPSILON
307,411,EPSILON
302,300,EPSILON
302,298,EPSILON
300,301,y
301,303,EPSILON
303,307,EPSILON
298,296,EPSILON
298,294,EPSILON
296,297,x
297,299,EPSILON
299,303,EPSILON
294,292,EPSILON
294,290,EPSILON
292,293,w
293,295,EPSILON
295,299,EPSILON
290,288,EPSILON
290,286,EPSILON
288,289,v
289,291,EPSILON
291,295,EPSILON
286,284,EPSILON
286,282,EPSILON
284,285,u
285,287,EPSILON
287,291,EPSILON
282,280,EPSILON
282,278,EPSILON
280,281,t
281,283,EPSILON
283,287,EPSILON
278,276,EPSILON
278,274,EPSILON
276,277,s
277,279,EPSILON
279,283,EPSILON
274,272,EPSILON
274,270,EPSILON
272,273,r
273,275,EPSILON
275,279,EPSILON
270,268,EPSILON
270,266,EPSILON
268,269,q
269,271,EPSILON
271,275,EPSILON
266,264,EPSILON
266,262,EPSILON
264,265,p
265,267,EPSILON
267,271,EPSILON
262,260,EPSILON
262,258,EPSILON
260,261,o
261,263,EPSILON
263,267,EPSILON
258,256,EPSILON
258,254,EPSILON
256,257,n
257,259,EPSILON
259,263,EPSILON
254,252,EPSILON
254,250,EPSILON
252,253,m
253,255,EPSILON
255,259,EPSILON
250,248,EPSILON
250,246,EPSILON
248,249,l
249,251,EPSILON
251,255,EPSILON
246,244,EPSILON
246,242,EPSILON
244,245,k
245,247,EPSILON
247,251,EPSILON
242,240,EPSILON
242,238,EPSILON
240,241,j
241,243,EPSILON
243,247,EPSILON
238,236,EPSILON
238,234,EPSILON
236,237,i
237,239,EPSILON
239,243,EPSILON
234,232,EPSILON
234,230,EPSILON
232,233,h
233,235,EPSILON
235,239,EPSILON
230,228,EPSILON
230,226,EPSILON
228,229,g
229,231,EPSILON
231,235,EPSILON
226,224,EPSILON
226,222,EPSILON
224,225,f
225,227,EPSILON
227,231,EPSILON
222,220,EPSILON
222,218,EPSILON
220,221,e
221,223,EPSILON
223,227,EPSILON
218,216,EPSILON
218,214,EPSILON
216,217,d
217,219,EPSILON
219,223,EPSILON
214,212,EPSILON
214,210,EPSILON
212,213,c
213,215,EPSILON
215,219,EPSILON
210,208,EPSILON
210,206,EPSILON
208,209,b
209,211,EPSILON
211,215,EPSILON
206,207,a
207,211,EPSILON
198,196,EPSILON
198,194,EPSILON
196,197,Y
197,199,EPSILON
199,203,EPSILON
194,192,EPSILON
194,190,EPSILON
192,193,X
193,195,EPSILON
195,199,EPSILON
190,188,EPSILON
190,186,EPSILON
188,189,W
189,191,EPSILON
191,195,EPSILON
186,184,EPSILON
186,182,EPSILON
184,185,V
185,187,EPSILON
187,191,EPSILON
182,180,EPSILON
182,178,EPSILON
180,181,U
181,183,EPSILON
183,187,EPSILON
178,176,EPSILON
178,174,EPSILON
176,177,T
177,179,EPSILON
179,183,EPSILON
174,172,EPSILON
174,170,EPSILON
172,173,S
173,175,EPSILON
175,179,EPSILON
170,168,EPSILON
170,166,EPSILON
168,169,R
169,171,EPSILON
171,175,EPSILON
166,164,EPSILON
166,162,EPSILON
164,165,Q
165,167,EPSILON
167,171,EPSILON
162,160,EPSILON
162,158,EPSILON
160,161,P
161,163,EPSILON
163,167,EPSILON
158,156,EPSILON
158,154,EPSILON
156,157,O
157,159,EPSILON
159,163,EPSILON
154,152,EPSILON
154,150,EPSILON
152,153,N
153,155,EPSILON
155,159,EPSILON
150,148,EPSILON
150,146,EPSILON
148,149,M
149,151,EPSILON
151,155,EPSILON
146,144,EPSILON
146,142,EPSILON
144,145,L
145,147,EPSILON
147,151,EPSILON
142,140,EPSILON
142,138,EPSILON
140,141,K
141,143,EPSILON
143,147,EPSILON
138,136,EPSILON
138,134,EPSILON
136,137,J
137,139,EPSILON
139,143,EPSILON
134,132,EPSILON
134,130,EPSILON
132,133,I
133,135,EPSILON
135,139,EPSILON
130,128,EPSILON
130,126,EPSILON
128,129,H
129,131,EPSILON
131,135,EPSILON
126,124,EPSILON
126,122,EPSILON
124,125,G
125,127,EPSILON
127,131,EPSILON
122,120,EPSILON
122,118,EPSILON
120,121,F
121,123,EPSILON
123,127,EPSILON
118,116,EPSILON
118,114,EPSILON
116,117,E
117,119,EPSILON
119,123,EPSILON
114,112,EPSILON
114,110,EPSILON
112,113,D
113,115,EPSILON
115,119,EPSILON
110,108,EPSILON
110,106,EPSILON
108,109,C
109,111,EPSILON
111,115,EPSILON
106,104,EPSILON
106,102,EPSILON
104,105,B
105,107,EPSILON
107,111,EPSILON
102,103,A
103,107,EPSILON
100,98,EPSILON
100,96,EPSILON
98,99,z
99,101,EPSILON
101,205,EPSILON
96,94,EPSILON
96,92,EPSILON
94,95,y
95,97,EPSILON
97,101,EPSILON
92,90,EPSILON
92,88,EPSILON
90,91,x
91,93,EPSILON
93,97,EPSILON
88,86,EPSILON
88,84,EPSILON
86,87,w
87,89,EPSILON
89,93,EPSILON
84,82,EPSILON
84,80,EPSILON
82,83,v
83,85,EPSILON
85,89,EPSILON
80,78,EPSILON
80,76,EPSILON
78,79,u
79,81,EPSILON
81,85,EPSILON
76,74,EPSILON
76,72,EPSILON
74,75,t
75,77,EPSILON
77,81,EPSILON
72,70,EPSILON
72,68,EPSILON
70,71,s
71,73,EPSILON
73,77,EPSILON
68,66,EPSILON
68,64,EPSILON
66,67,r
67,69,EPSILON
69,73,EPSILON
64,62,EPSILON
64,60,EPSILON
62,63,q
63,65,EPSILON
65,69,EPSILON
60,58,EPSILON
60,56,EPSILON
58,59,p
59,61,EPSILON
61,65,EPSILON
56,54,EPSILON
56,52,EPSILON
54,55,o
55,57,EPSILON
57,61,EPSILON
52,50,EPSILON
52,48,EPSILON
50,51,n
51,53,EPSILON
53,57,EPSILON
48,46,EPSILON
48,44,EPSILON
46,47,m
47,49,EPSILON
49,53,EPSILON
44,42,EPSILON
44,40,EPSILON
42,43,l
43,45,EPSILON
45,49,EPSILON
40,38,EPSILON
40,36,EPSILON
38,39,k
39,41,EPSILON
41,45,EPSILON
36,34,EPSILON
36,32,EPSILON
34,35,j
35,37,EPSILON
37,41,EPSILON
32,30,EPSILON
32,28,EPSILON
30,31,i
31,33,EPSILON
33,37,EPSILON
28,26,EPSILON
28,24,EPSILON
26,27,h
27,29,EPSILON
29,33,EPSILON
24,22,EPSILON
24,20,EPSILON
22,23,g
23,25,EPSILON
25,29,EPSILON
20,18,EPSILON
20,16,EPSILON
18,19,f
19,21,EPSILON
21,25,EPSILON
16,14,EPSILON
16,12,EPSILON
14,15,e
15,17,EPSILON
17,21,EPSILON
12,10,EPSILON
12,8,EPSILON
10,11,d
11,13,EPSILON
13,17,EPSILON
8,6,EPSILON
8,4,EPSILON
6,7,c
7,9,EPSILON
9,13,EPSILON
4,2,EPSILON
4,0,EPSILON
2,3,b
3,5,EPSILON
5,9,EPSILON
0,1,a
1,5,EPSILON
710,711,w
711,713,h
713,715,i
715,717,l
717,719,e
652,648,EPSILON
652,646,EPSILON
648,649,<
649,651,=
651,653,EPSILON
646,644,EPSILON
646,642,EPSILON
644,645,<
645,647,EPSILON
647,653,EPSILON
642,638,EPSILON
642,636,EPSILON
638,639,>
639,641,=
641,643,EPSILON
643,647,EPSILON
636,634,EPSILON
636,632,EPSILON
634,635,>
635,637,EPSILON
637,643,EPSILON
632,628,EPSILON
632,624,EPSILON
628,629,!
629,631,=
631,633,EPSILON
633,637,EPSILON
624,625,=
625,627,=
627,633,EPSILON
660,658,EPSILON
660,656,EPSILON
658,659,-
659,661,EPSILON
656,657,+
657,661,EPSILON
654,655,=
688,689,f
689,691,l
691,693,o
693,695,a
695,697,t
622,530,EPSILON
622,490,EPSILON
530,528,EPSILON
530,526,EPSILON
528,529,9
529,531,EPSILON
531,530,EPSILON
531,533,EPSILON
531,530,EPSILON
531,533,EPSILON
533,535,.
535,570,EPSILON
535,568,EPSILON
570,571,9
571,573,EPSILON
573,572,EPSILON
573,575,EPSILON
573,572,EPSILON
573,575,EPSILON
572,570,EPSILON
572,568,EPSILON
568,566,EPSILON
568,564,EPSILON
566,567,8
567,569,EPSILON
569,573,EPSILON
564,562,EPSILON
564,560,EPSILON
562,563,7
563,565,EPSILON
565,569,EPSILON
560,558,EPSILON
560,556,EPSILON
558,559,6
559,561,EPSILON
561,565,EPSILON
556,554,EPSILON
556,552,EPSILON
554,555,5
555,557,EPSILON
557,561,EPSILON
552,550,EPSILON
552,548,EPSILON
550,551,4
551,553,EPSILON
553,557,EPSILON
548,546,EPSILON
548,544,EPSILON
546,547,3
547,549,EPSILON
549,553,EPSILON
544,542,EPSILON
544,540,EPSILON
542,543,2
543,545,EPSILON
545,549,EPSILON
540,538,EPSILON
540,536,EPSILON
538,539,1
539,541,EPSILON
541,545,EPSILON
536,537,0
537,541,EPSILON
575,578,EPSILON
575,576,EPSILON
578,579,E
579,614,EPSILON
579,612,EPSILON
614,615,9
615,617,EPSILON
617,616,EPSILON
617,619,EPSILON
617,616,EPSILON
617,619,EPSILON
616,614,EPSILON
616,612,EPSILON
612,610,EPSILON
612,608,EPSILON
610,611,8
611,613,EPSILON
613,617,EPSILON
608,606,EPSILON
608,604,EPSILON
606,607,7
607,609,EPSILON
609,613,EPSILON
604,602,EPSILON
604,600,EPSILON
602,603,6
603,605,EPSILON
605,609,EPSILON
600,598,EPSILON
600,596,EPSILON
598,599,5
599,601,EPSILON
601,605,EPSILON
596,594,EPSILON
596,592,EPSILON
594,595,4
595,597,EPSILON
597,601,EPSILON
592,590,EPSILON
592,588,EPSILON
590,591,3
591,593,EPSILON
593,597,EPSILON
588,586,EPSILON
588,584,EPSILON
586,587,2
587,589,EPSILON
589,593,EPSILON
584,582,EPSILON
584,580,EPSILON
582,583,1
583,585,EPSILON
585,589,EPSILON
580,581,0
581,585,EPSILON
619,621,EPSILON
621,623,EPSILON
576,577,EPSILON
577,621,EPSILON
526,524,EPSILON
526,522,EPSILON
524,525,8
525,527,EPSILON
527,531,EPSILON
522,520,EPSILON
522,518,EPSILON
520,521,7
521,523,EPSILON
523,527,EPSILON
518,516,EPSILON
518,514,EPSILON
516,517,6
517,519,EPSILON
519,523,EPSILON
514,512,EPSILON
514,510,EPSILON
512,513,5
513,515,EPSILON
515,519,EPSILON
510,508,EPSILON
510,506,EPSILON
508,509,4
509,511,EPSILON
511,515,EPSILON
506,504,EPSILON
506,502,EPSILON
504,505,3
505,507,EPSILON
507,511,EPSILON
502,500,EPSILON
502,498,EPSILON
500,501,2
501,503,EPSILON
503,507,EPSILON
498,496,EPSILON
498,494,EPSILON
496,497,1
497,499,EPSILON
499,503,EPSILON
494,495,0
495,499,EPSILON
490,488,EPSILON
490,486,EPSILON
488,489,9
489,491,EPSILON
491,490,EPSILON
491,493,EPSILON
491,490,EPSILON
491,493,EPSILON
493,623,EPSILON
486,484,EPSILON
486,482,EPSILON
484,485,8
485,487,EPSILON
487,491,EPSILON
482,480,EPSILON
482,478,EPSILON
480,481,7
481,483,EPSILON
483,487,EPSILON
478,476,EPSILON
478,474,EPSILON
476,477,6
477,479,EPSILON
479,483,EPSILON
474,472,EPSILON
474,470,EPSILON
472,473,5
473,475,EPSILON
475,479,EPSILON
470,468,EPSILON
470,466,EPSILON
468,469,4
469,471,EPSILON
471,475,EPSILON
466,464,EPSILON
466,462,EPSILON
464,465,3
465,467,EPSILON
467,471,EPSILON
462,460,EPSILON
462,458,EPSILON
460,461,2
461,463,EPSILON
463,467,EPSILON
458,456,EPSILON
458,454,EPSILON
456,457,1
457,459,EPSILON
459,463,EPSILON
454,455,0
455,459,EPSILON
666,664,EPSILON
666,662,EPSILON
664,665,/
665,667,EPSILON
662,663,*
663,667,EPSILON
668,669,b
669,671,o
671,673,o
673,675,l
675,677,e
677,679,a
679,681,n
698,699,i
699,701,f
726,727,)
702,703,e
703,705,l
705,707,s
707,709,e
682,683,i
683,685,n
685,687,t
720,721,;
